  1 5 10 11 35 40 41 
  2 3 8 15 23 25 31 
  3 15 18 26 41 44 47 
  4 1 13 17 31 35 46 
  5 4 26 32 33 44 48 
  6 12 22 26 31 42 47 
  7 3 8 9 20 39 43 
  8 28 29 32 38 39 48 
  9 4 6 17 22 38 48 
 10 3 4 5 13 23 25 
 11 9 12 34 35 36 38 
 12 4 8 14 24 37 41 
 13 12 17 19 34 40 45 
 14 5 11 22 29 36 40 
 15 10 18 20 21 33 44 
 16 14 37 38 42 44 47 
 17 2 4 17 31 37 48 
 18 3 4 16 32 39 45 
 19 2 16 25 26 47 48 
 20 6 7 14 19 30 49 
 21 7 14 18 22 31 47 
 22 11 20 21 35 39 44 
 23 4 8 17 31 42 47 
 24 6 11 24 30 38 45 
 25 1 3 4 17 35 46 
 26 4 14 16 30 45 49 
 27 2 16 33 37 38 48 
 28 5 27 35 39 45 46 
 29 13 14 22 28 32 36 
 30 3 9 15 21 30 33 
 31 15 16 32 34 37 44 
 32 8 12 16 22 24 30 
 33 10 13 21 34 39 48 
 34 10 11 16 18 20 44 
 35 3 11 15 20 32 35 
 36 2 12 21 22 34 36 
 37 19 29 31 32 36 38 
 38 3 5 13 16 32 39 
 39 6 16 19 23 26 30 
 40 19 23 24 38 39 42 
 41 18 28 29 31 41 45 
 42 5 13 20 37 39 46 
 43 14 16 23 28 33 46 
 44 6 12 16 32 38 43 
 45 6 14 20 25 40 48 
 46 15 30 35 40 41 43 
 47 1 3 11 27 33 40 
 48 11 15 28 30 31 44 
 49 1 3 15 19 29 45 
 50 3 11 16 17 22 38 
 51 8 20 28 29 46 47 
 52 3 12 22 30 36 43 
 53 4 18 20 27 39 47 
 54 5 17 35 41 44 46 
 55 2 11 15 23 35 39 
 56 6 15 20 21 32 41 
 57 2 11 18 22 23 26 
 58 5 24 31 43 44 49 
 59 6 23 34 37 38 45 
 60 3 20 23 28 34 48 
 61 5 9 18 24 31 34 
 62 10 27 31 34 36 47 
 63 14 17 18 23 32 46 
 64 6 29 31 33 34 45 
 65 7 11 23 38 42 43 
 66 5 8 13 16 28 29 
 67 3 9 15 32 39 43 
 68 3 26 33 42 43 45 
 69 5 8 11 12 33 41 
 70 1 12 13 26 34 39 
 71 11 21 32 41 42 43 
 72 2 14 24 29 32 34 
 73 2 8 9 25 39 46 
 74 12 14 21 27 43 49 
 75 2 12 30 36 39 47 
 76 5 8 21 39 41 42 
 77 2 8 12 21 28 35 
 78 6 11 19 23 28 29 
 79 3 4 8 12 13 33 
 80 12 15 32 38 44 46 
 81 14 20 26 29 41 43 
 82 17 18 26 41 42 44 
 83 2 14 15 19 26 29 
 84 13 30 33 34 36 46 
 85 1 5 9 12 44 48 
 86 12 16 17 23 38 43 
 87 3 25 27 31 34 49 
 88 6 9 35 36 37 44 
 89 2 9 14 15 38 41 
 90 8 12 14 17 30 37 
 91 2 7 20 33 34 44 
 92 9 15 18 19 21 47 
 93 2 3 5 9 45 47 
 94 1 8 32 42 47 49 
 95 1 11 13 19 32 38 
 96 2 5 17 26 35 47 
 97 3 11 14 22 38 47 
 98 2 8 12 34 40 41 
 99 8 18 20 38 40 41 
100 11 13 23 32 38 42 
101 8 14 16 34 39 45 
102 2 15 21 33 41 48 
103 3 7 9 21 44 49 
104 10 25 27 29 31 39 
