0,4,18,28,39,45,48      8,29,30,34,41,49
1,6,24,26,40,42,46      10,26,28,35,40,44
2,2,3,23,32,43,49       16,17,19,24,33,34
3,8,19,22,37,41,45      5,6,8,16,19,44
4,5,12,16,28,37,47      1,15,17,20,33,43
5,17,19,24,25,45,48     10,11,12,17,23,25
6,9,14,28,29,30,36      8,19,20,33,37,42
7,3,22,31,39,42,48      1,5,19,28,33,38
8,4,13,17,24,25,41      1,3,5,15,20,37
9,9,21,27,31,41,48      1,7,10,12,15,25
10,7,9,12,24,45,48      6,10,13,18,30,38
11,8,22,34,37,39,49     7,11,30,33,37,45
12,8,9,15,20,22,26      2,19,20,24,26,32
13,5,14,26,29,35,43     12,15,20,28,48,49
14,2,23,38,45,47,48     1,5,11,13,23,35
15,11,27,28,31,39,48    5,25,29,34,41,44
16,15,17,28,35,42,48    6,9,13,25,43,47
17,22,28,30,33,42,43    9,20,27,37,38,41        2,20,26,36,37,42
18,4,6,11,12,31,46      2,8,11,21,39,45
19,16,28,37,43,46,48    19,31,33,41,42,43
20,11,13,17,19,40,47    4,13,15,17,28,32
21,10,20,33,37,47,49    13,16,23,24,32,39       4,6,9,11,19,20
22,3,4,6,9,12,25        1,9,12,19,24,31
23,3,14,17,23,35,46     24,44,45,47,48,49
24,1,15,21,28,30,35     4,11,19,21,40,46
25,3,9,35,37,42,44      6,21,23,26,38,44
26,7,13,14,17,31,43     15,17,29,32,35,47
27,1,14,19,29,35,48     4,6,7,13,17,32
28,1,17,28,38,47,48     3,5,8,9,28,30
29,7,9,11,34,42,46      2,5,7,26,29,30
30,6,9,14,22,26,35      1,16,18,41,42,47
31,3,4,20,27,28,35      16,26,35,37,40,45       2,7,12,20,39,49
32,4,6,12,14,20,44      4,12,17,20,27,45
33,4,11,31,34,41,49     1,2,4,5,6,36
34,1,5,20,26,29,32      12,27,30,35,37,47
35,1,5,7,10,29,33       7,13,14,16,31,39
36,1,17,24,31,43,47     5,13,25,34,44,48
37,5,12,18,22,30,36     2,8,12,33,34,49
38,1,9,11,25,32,33      2,7,9,22,31,37
39,1,9,34,40,44,45      11,21,28,29,32,47
40,6,8,10,16,18,29      1,11,20,26,30,34
41,7,9,17,21,36,37      8,13,30,34,35,40        16,18,21,28,29,46
42,5,6,10,16,29,49      23,24,25,41,43,49
43,4,7,18,20,40,44      7,10,12,28,34,44
44,6,7,22,37,38,40      5,12,22,44,47,49
45,2,10,14,19,20,37     16,26,36,46,47,48
46,6,7,28,43,47,49      6,18,24,31,43,46
47,9,12,21,27,39,44     2,3,6,25,38,44
48,1,10,24,25,35,38     13,20,21,23,28,49
49,13,22,32,35,42,46    1,2,8,22,29,35
50,3,12,14,18,26,37     14,16,25,32,36,45
51,8,10,24,26,31,34     7,10,31,32,33,43        15,16,29,37,40,46
52,2,12,15,22,33,37     18,19,27,39,44,48
53,5,7,9,28,35,36       3,20,21,40,42,43
54,3,9,21,28,47,48      5,14,17,23,43,44
55,7,17,27,33,38,41     7,16,37,43,44,45
56,2,9,13,17,37,47      7,11,24,25,35,39
57,1,4,5,6,12,37        2,12,20,22,23,38        3,6,27,41,45,48
58,2,5,6,18,22,39       6,22,45,46,48,49        23,26,37,45,47,48
59,2,16,19,29,35,37     4,6,21,37,43,46         5,28,35,37,38,41
60,1,2,13,33,36,38      5,6,29,36,41,47         7,10,11,30,41,48
61,6,7,8,12,33,40       2,6,13,18,34,42         7,8,10,30,47,48
62,3,4,6,12,27,47       1,8,25,41,45,49         8,11,28,34,44,48
63,1,11,16,33,39,41     10,20,32,35,37,40       3,5,14,15,31,42
64,1,7,8,14,35,45       20,25,26,28,36,42       1,4,16,24,29,43
65,8,10,23,25,31,40     4,6,16,17,37,47         7,9,17,27,35,38
66,12,18,26,41,46,47    6,16,24,37,38,48        23,25,34,39,42,43
67,2,3,10,18,21,27      11,17,20,21,23,47       6,17,24,34,36,40
68,3,5,8,14,45,47       14,16,22,37,39,41       2,5,7,8,33,48
69,5,16,22,26,35,37     5,7,17,18,29,34         4,7,8,20,31,38
70,2,5,11,17,29,48      1,9,25,33,40,43         13,20,29,37,41,48
71,19,22,25,32,43,46    11,13,16,26,28,48       7,9,17,21,33,45
72,13,14,23,26,32,35    8,9,32,45,47,49         13,18,19,27,31,41
73,20,22,24,26,32,33    4,5,34,36,37,39         4,12,17,19,34,40
74,12,32,33,42,45,46    4,15,26,34,44,47        7,12,14,34,36,48
75,2,14,22,33,40,48     15,19,21,26,30,49       10,22,27,28,42,46
76,7,8,10,37,42,45      2,9,11,37,39,49         5,10,11,44,46,48
77,4,5,11,17,28,44      7,14,19,20,27,44        11,18,22,24,30,37
78,10,18,21,35,40,48    4,22,25,38,44,47        8,12,13,21,29,43
79,5,16,29,30,45,47     3,7,13,28,37,42         1,2,3,18,34,43
80,13,14,16,24,29,46    9,11,19,25,37,47        13,16,30,35,37,39
81,1,10,12,13,27,39     9,21,25,34,36,39        4,12,27,30,31,44
82,2,5,22,26,29,30      2,7,24,35,43,46         4,16,17,21,37,38
83,12,15,23,26,37,41    3,18,26,35,43,44        2,3,5,17,31,36
84,13,20,21,32,33,44    4,9,14,23,31,44         1,4,7,34,45,47
